#Tibia length
#Time a
#paired
1.502487 1.511136 1.513083 1.492759 1.437749 1.711494 1.898876 1.516485
1.719644 1.834255 2.356702 1.545188 1.620037 1.841669 1.433197 1.879057
1.667249 1.290691 1.656283 1.658693 1.611037 1.665994 1.713517 1.570730
1.450462 1.506611 1.820222 1.641208 1.416118 1.967347 1.815391 1.592685
1.805497 1.438193 1.453161 1.817962 1.649270 1.735943 1.863761 1.654791
1.464022 1.972152 1.576237 1.824555 1.665742 1.567763 1.874692 1.499135
1.462336 1.578213
#single
1.4642748 0.9791847 1.2336235 1.2286270 1.1200052 1.4594081 1.6119421
1.1891861 1.1319786 1.1457586 1.3613123 1.1397952 1.5134921 1.3612250
1.6701686 1.5465165 1.2380469 1.2759470 1.3251385 1.7360745 1.5149642
1.7227978 1.4483422 1.3443574 1.6939120 1.4644781 1.1825549 1.3544833
1.2544592 1.1092031 1.2864384 1.3268648 1.4470756 1.1884673 1.3116686
1.1450989 1.1904853 1.2039878 1.1118234 1.2096068 1.3937639 1.4125515
1.5985771 1.1305687 1.5583026 1.1344494 1.6247458 1.6301033 1.3311440
1.3549188
 
#Time b
#paired
1.2356471 1.0894076 1.1076960 1.2260017 1.0213865 1.1874060 1.0947304
1.3103346 0.9266602 1.2292415 0.8643460 1.0904452 1.0825909 1.0266840
0.9865853 1.0247760 1.0694616 1.0946978 1.4408553 1.1112654 0.8492534
1.4620924 1.2103708 0.8850556 0.9669240 1.1108941 0.9659199 1.1568354
0.9888720 1.3047689 0.9319714 1.3134273 1.0006083 1.2531113 0.7394557
1.1692553 1.1537159 1.0772371 1.1194775 1.2538754 0.9689631 1.0314747
1.1094358 1.0656703 1.0543759 1.1110716 1.0918076 0.8415374 1.2532051
1.1286415
#single
0.8037683 1.1471767 0.9552957 0.8915572 1.0634214 1.0508785 0.9385430
1.0036362 0.9401577 1.0725197 0.9844735 1.0379724 1.0983662 0.9820851
0.8551403 1.0860989 1.0496123 0.9545153 1.2186237 0.9172837 1.0795381
0.8883620 0.9558092 1.0090888 1.0550186 1.1306188 0.8901663 0.8920754
0.9052055 1.0133311 0.9941993 1.1060666 1.0310143 1.0771541 1.0891787
0.9211494 1.1827989 1.0570860 0.9221520 1.2601180 1.0343608 1.0494184
0.9904167 1.0284233 0.9775041 0.9367897 1.0319547 1.0780289 1.0453298
1.2143339
 
#Time c
#paired
0.9292807 0.8350391 1.0242784 0.9188847 0.8826333 0.9379218 1.1136270
0.9517537 0.8448193 0.9873039 1.0166612 1.0092085 1.1061701 0.9791672
0.9235389 1.0383010 0.7896204 1.0222428 1.1495239 0.8582229 0.9235656
1.2149288 1.0030488 0.8785629 1.0025994 0.9096558 1.0827982 0.9277757
1.0014652 0.8843503 1.1360044 1.1757840 1.0329859 0.9238437 1.1593710
0.8907343 0.9299544 1.0506155 1.0119457 1.1209180 1.0091108 0.9302582
1.0965559 0.8466197 0.9355907 0.9568911 0.9141723 1.1260209 1.0631444
0.9402009
#single
0.8659819 0.8336979 1.1182578 0.8231980 0.8457339 0.9273915 0.9197773
0.9866116 0.8480592 0.7291654 0.8300935 0.7514682 0.8822619 0.7970017
1.0527560 0.7812215 0.6182460 0.9140925 1.0349163 0.9578017 0.8929032
0.8187114 0.9600105 0.8103242 0.7708213 0.9212257 0.9502111 0.9448471
0.8331060 0.7363353 0.7394942 0.8500074 0.7114475 0.8857589 0.8469158
0.9762377 1.0327586 0.9093676 0.8101183 0.8628492 1.1037780 0.7331815
0.7847660 0.9848527 0.8668314 0.9537347 0.7984401 0.8516761 0.8309888
0.8219998


##flies
#Time a
#paired
11 11 12  5 16 14 10
3  7 12  9  8  9 10
9 15  3  9  7  6 10
7  8  5 12 15 12 13
12  3 10 13 12  7  8
6  8 11 16 11 14 12
16 13 12 10 11 13 14
4
#single
6  8  9  9  8  9  4
10  6  7  5  7  9  9
6  6 10  7  8  8  7
12  8  4  4  6 10  7
6 11  5  6  8  8  7
5  6 11  8 12  4  7
8  8  6  6  4  7  7
6
#black
15 10 12 16 17 21 20
19 14 14 16 15 16 14
18 13  9  8 18 19 12
13 20 13 16 25 11 21
17 15 25 17 13 21 23
15 29 23 23 17 20 18
18 20 13 11 18 19 15
17
 
#Time b
#paired
13  8  4  7  8  5  7
5  7  9 11  4  8  5
10  9  7  6  7  6  7
8  6  4  9  8  7  8
7  8  8 11  9  9  6
7  7  8  5  8  6  9
9  8  9  7  8  5  6
4
#single
3 2 6 1 9 7 4 6
8 6 7 6 2 4 3 3
7 4 6 7 4 7 5 6
7 5 6 4 4 4 5 5
6 4 2 9 5 1 5 4
7 6 4 9 9 6 5 3
5 7
#black
17 13 12 13 16 17 15 15
21 13 15 15 10 14 14 14
11 23 18 16 15 22 13 20
10 11 10 16 10 19 13 20
15 10 12 15 16 13 21 16
15 15 15 17 15 14 11 14
16 15
 
#Time c
#paired
0 0 0 0 0 1 0 0 0 0 0 0 0 0 0 0 0 0 0 0 0 0 0 0 0 1 0 0 0 0 0 0 0 0 0 0 0 0
0 0 0 0 0 0 0 0 0 1 0 0
#single
0 1 1 0 0 0 0
0 1 0 0 1 1 1
0 0 1 0 0 1 1
0 0 0 1 1 0 0
1 0 0 1 0 0 1
1 0 0 0 0 0 1
0 0 0 1 1 0 0
0
#black
0 0 0 0 1 1 0
0 1 0 1 1 1 0
1 0 0 0 1 1 1
1 1 0 1 0 1 1
0 1 1 1 0 0 1
1 1 0 0 1 1 1
1 1 0 1 1 1 1
1
 
 
